#Rev: sensefly/geoinfo/3
fileName	latitude	longitude	altitude_wgs84
DSC03159.JPG	35.4872358723	139.4550425770	250.5332946777	
DSC03160.JPG	35.4868386760	139.4552698227	251.7566070557	
DSC03161.JPG	35.4864548996	139.4554255117	251.3719635010	
DSC03162.JPG	35.4860178179	139.4556066742	248.9323577881	
DSC03163.JPG	35.4856656087	139.4557747582	249.4864349365	
DSC03164.JPG	35.4863227060	139.4561641283	240.0924072266	
DSC03165.JPG	35.4869071372	139.4558977399	242.9671325684	
DSC03166.JPG	35.4874464142	139.4556579620	245.9567565918	
DSC03167.JPG	35.4875396088	139.4562402334	248.2729339600	
DSC03168.JPG	35.4871763261	139.4564648038	248.8679351807	
DSC03169.JPG	35.4867749726	139.4566715672	247.3267822266	
DSC03170.JPG	35.4863587257	139.4568340206	246.9372253418	
DSC03171.JPG	35.4859577447	139.4569969225	250.4888153076	
DSC03172.JPG	35.4867881811	139.4573568609	239.7839508057	
DSC03173.JPG	35.4873607957	139.4570562806	244.2652282715	
DSC03174.JPG	35.4880231228	139.4568158521	245.4669952393	
DSC03175.JPG	35.4877717373	139.4576022889	248.2842254639	
DSC03176.JPG	35.4873702409	139.4577627756	249.3901062012	
DSC03177.JPG	35.4869448359	139.4579380306	251.0467529297	
DSC03178.JPG	35.4865342008	139.4581301592	250.7001037598	
DSC03179.JPG	35.4861214715	139.4582904897	251.5093994141	
DSC03180.JPG	35.4867535614	139.4587165839	242.7141113281	
DSC03181.JPG	35.4873574105	139.4584674407	243.4390411377	
DSC03182.JPG	35.4879673594	139.4582112001	244.7918853760	
DSC03183.JPG	35.4885602542	139.4579629202	245.9805145264	
DSC03184.JPG	35.4881185178	139.4588627636	246.9067382812	
DSC03185.JPG	35.4877122471	139.4590103049	249.2528839111	
DSC03186.JPG	35.4873219079	139.4591992788	250.5466766357	
DSC03187.JPG	35.4868877839	139.4593182130	249.5428619385	
DSC03188.JPG	35.4864916584	139.4595526946	251.6374969482	
DSC03189.JPG	35.4869491914	139.4596258922	241.8868560791	
DSC03190.JPG	35.4876364678	139.4594284926	244.0647888184	
DSC03191.JPG	35.4882237554	139.4590744748	249.4486389160	
DSC03192.JPG	35.4889136811	139.4588484565	246.2610321045	
DSC03193.JPG	35.4881986265	139.4583798712	251.8323822021	
DSC03194.JPG	35.4878641323	139.4586126655	251.0179138184	
DSC03195.JPG	35.4874403903	139.4587451681	247.6325531006	
DSC03196.JPG	35.4870779287	139.4589516465	243.3553619385	
DSC03197.JPG	35.4866794094	139.4590479592	247.8506927490	
DSC03198.JPG	35.4862845650	139.4592747328	244.6693878174	
DSC03199.JPG	35.4866974540	139.4584287501	244.5791778564	
DSC03200.JPG	35.4872532005	139.4581352793	245.4843597412	
DSC03201.JPG	35.4878709992	139.4578840485	248.4333496094	
DSC03202.JPG	35.4884660760	139.4576477653	249.5704193115	
DSC03203.JPG	35.4878812281	139.4572071691	247.1324920654	
DSC03204.JPG	35.4874679185	139.4573602776	252.9131469727	
DSC03205.JPG	35.4870564933	139.4575492509	247.3261260986	
DSC03206.JPG	35.4866700002	139.4577245386	247.7617645264	
DSC03207.JPG	35.4862641042	139.4579313911	246.1279144287	
DSC03208.JPG	35.4863905373	139.4571921511	241.8305206299	
DSC03209.JPG	35.4869630516	139.4568901414	242.9130706787	
DSC03210.JPG	35.4875615118	139.4566608357	244.3544616699	
DSC03211.JPG	35.4874966975	139.4559802860	247.3561859131	
DSC03212.JPG	35.4870673879	139.4562027262	246.0806884766	
DSC03213.JPG	35.4866738848	139.4563605976	248.0614624023	
DSC03214.JPG	35.4862716202	139.4564472723	248.2843017578	
DSC03215.JPG	35.4861384974	139.4559246217	241.8629913330	
DSC03216.JPG	35.4866654522	139.4555659314	243.0904998779	
DSC03217.JPG	35.4874081106	139.4553881075	243.3612976074	
DSC03218.JPG	35.4871952828	139.4547723361	250.6949615479	
DSC03219.JPG	35.4867911366	139.4549413872	249.9502716064	
DSC03220.JPG	35.4863685346	139.4550996045	253.9009552002	
DSC03221.JPG	35.4859939389	139.4552405930	251.6955718994	
DSC03222.JPG	35.4860148972	139.4556792237	246.0703277588	
DSC03223.JPG	35.4861194659	139.4562505828	247.6194152832	
DSC03224.JPG	35.4861894776	139.4567512879	250.7191162109	
DSC03225.JPG	35.4862195870	139.4572848945	247.8256072998	
DSC03226.JPG	35.4863334057	139.4578549583	247.0291442871	
DSC03227.JPG	35.4863954977	139.4584025438	245.1785583496	
DSC03228.JPG	35.4864778853	139.4589415018	244.6348571777	
DSC03229.JPG	35.4865165389	139.4594796678	244.9934234619	
DSC03230.JPG	35.4865916776	139.4600295144	245.2868499756	
DSC03231.JPG	35.4870327307	139.4597025724	245.7082672119	
DSC03232.JPG	35.4868991954	139.4591961898	245.2408447266	
DSC03233.JPG	35.4867357586	139.4586623316	247.6872253418	
DSC03234.JPG	35.4865741122	139.4581932482	246.3041687012	
DSC03235.JPG	35.4864555644	139.4577234754	246.2125854492	
DSC03236.JPG	35.4863205088	139.4572352302	246.3417205811	
DSC03237.JPG	35.4861794805	139.4567495941	248.5564575195	
DSC03238.JPG	35.4861262393	139.4562472622	249.0316162109	
DSC03239.JPG	35.4858926279	139.4557674433	244.5943756104	
DSC03240.JPG	35.4857314715	139.4552760990	246.8529052734	
DSC03241.JPG	35.4856178579	139.4547679835	249.8047943115	
DSC03242.JPG	35.4854995191	139.4542509526	246.4550018311	
DSC03243.JPG	35.4853269304	139.4537651080	244.3097991943	
DSC03244.JPG	35.4860457965	139.4541990218	241.7195129395	
DSC03245.JPG	35.4860638834	139.4547614933	243.1330871582	
DSC03246.JPG	35.4863301000	139.4552814444	244.5155639648	
DSC03247.JPG	35.4864478444	139.4558114118	248.6748046875	
DSC03248.JPG	35.4866262750	139.4563644851	247.7955780029	
DSC03249.JPG	35.4868092599	139.4569620996	251.0903625488	
DSC03250.JPG	35.4869429133	139.4575386040	249.0229949951	
DSC03251.JPG	35.4871524798	139.4581539252	247.2060546875	
DSC03252.JPG	35.4873158935	139.4587010986	244.6522064209	
DSC03253.JPG	35.4874732906	139.4592706461	244.4676361084	
DSC03254.JPG	35.4876388199	139.4598073012	245.2687988281	
DSC03255.JPG	35.4880613211	139.4593020304	249.3514099121	
DSC03256.JPG	35.4879044309	139.4588096201	247.7464447021	
DSC03257.JPG	35.4877332959	139.4583444937	245.8818054199	
DSC03258.JPG	35.4876258619	139.4577980561	248.5003509521	
DSC03259.JPG	35.4874493618	139.4572891589	250.9551544189	
DSC03260.JPG	35.4872893187	139.4567557579	251.4134674072	
DSC03261.JPG	35.4871382120	139.4562557147	248.8360595703	
DSC03262.JPG	35.4869576620	139.4557014794	246.9618072510	
DSC03263.JPG	35.4868324022	139.4551581288	248.6709899902	
DSC03264.JPG	35.4866998935	139.4546755333	247.3919067383	
DSC03265.JPG	35.4868899909	139.4544286872	242.6732940674	
DSC03266.JPG	35.4870591759	139.4549580678	243.4706420898	
DSC03267.JPG	35.4872273849	139.4555691586	245.1066436768	
DSC03268.JPG	35.4873939835	139.4561491189	245.8755187988	
DSC03269.JPG	35.4875803631	139.4567510272	247.2366943359	
DSC03270.JPG	35.4877339997	139.4572841269	246.2686309814	
DSC03271.JPG	35.4879063119	139.4578669445	247.1233215332	
DSC03272.JPG	35.4880719639	139.4584124931	246.8172149658	
DSC03273.JPG	35.4882165103	139.4589498579	244.6458129883	
DSC03274.JPG	35.4884030260	139.4595169113	244.9233398438	
DSC03275.JPG	35.4878112457	139.4593951977	249.4649047852	
DSC03276.JPG	35.4875927348	139.4589405325	245.1330261230	
DSC03277.JPG	35.4875006863	139.4584279541	248.1398468018	
DSC03278.JPG	35.4873782347	139.4579409147	246.4045715332	
DSC03279.JPG	35.4872156437	139.4574708583	246.9128723145	
DSC03280.JPG	35.4870719891	139.4569702203	247.5175628662	
DSC03281.JPG	35.4869365083	139.4564096279	248.8651885986	
DSC03282.JPG	35.4868131996	139.4559601718	247.0393981934	
DSC03283.JPG	35.4866505959	139.4554740870	245.4529113770	
DSC03284.JPG	35.4864974720	139.4549812336	244.9247894287	
DSC03285.JPG	35.4863150311	139.4544847197	247.4424896240	
DSC03286.JPG	35.4862463237	139.4539719464	247.9918212891	
DSC03287.JPG	35.4858782302	139.4545168084	247.9547424316	
DSC03288.JPG	35.4860491942	139.4551818319	244.6581420898	
DSC03289.JPG	35.4861377002	139.4557650344	244.3318786621	
DSC03290.JPG	35.4863721731	139.4563509772	244.6531219482	
DSC03291.JPG	35.4864887937	139.4568499998	244.3914794922	
DSC03292.JPG	35.4866557913	139.4574228459	245.2522888184	
DSC03293.JPG	35.4868355010	139.4580115104	246.0212707520	
DSC03294.JPG	35.4869913375	139.4585565079	244.1145324707	
DSC03295.JPG	35.4871182018	139.4591353385	248.8295440674	
DSC03296.JPG	35.4872880575	139.4597197416	250.1439666748	
DSC03297.JPG	35.4867882706	139.4598173233	247.8250122070	
DSC03298.JPG	35.4866466953	139.4593653832	249.9038543701	
DSC03299.JPG	35.4864429521	139.4585723034	252.3384399414	
DSC03300.JPG	35.4862541076	139.4581287683	246.3957519531	
DSC03301.JPG	35.4861526007	139.4575991158	243.8111877441	
DSC03302.JPG	35.4859876198	139.4570987171	246.9841156006	
DSC03303.JPG	35.4858501742	139.4566401522	244.7354431152	
DSC03304.JPG	35.4857119040	139.4561323131	245.8601379395	
DSC03305.JPG	35.4855556605	139.4556529682	244.3921508789	
DSC03306.JPG	35.4854155119	139.4551608519	246.9481811523	
DSC03307.JPG	35.4852971344	139.4546568383	246.2699432373	
